全部,pc,移动
484,89,395
618,200,418
655,271,384
666,265,401
521,183,338
523,175,348
322,66,256
319,59,260
351,59,292
374,82,292
368,80,288
534,218,316
436,161,275
605,268,337
514,179,335
363,64,299
592,254,338
638,278,360
637,229,408
533,223,310
453,162,291
343,72,271
435,83,352
573,213,360
521,168,353
494,157,337
480,170,310
384,116,268
336,66,270
377,76,301
