全部,pc,移动
605,268,337
514,179,335
363,64,299
592,254,338
638,278,360
637,229,408
533,223,310
453,162,291
343,72,271
435,83,352
573,213,360
521,168,353
494,157,337
480,170,310
384,116,268
336,66,270
377,76,301
521,186,335
479,202,277
439,162,277
408,110,298
322,95,227
322,66,256
334,68,266
405,121,284
404,142,262
331,102,229
340,123,217
293,85,208
285,82,203
