全部,pc,移动
588,223,365
563,204,359
394,64,330
635,215,420
559,193,366
556,194,362
601,250,351
449,158,291
339,61,278
415,89,326
639,242,397
535,162,373
539,163,376
511,176,335
487,131,356
388,61,327
421,61,360
510,179,331
505,175,330
484,161,323
456,123,333
416,93,323
343,63,280
409,61,348
440,121,319
440,148,292
357,83,274
423,123,300
422,99,323
395,80,315
