全部,pc,移动
533,87,446
675,182,493
656,233,423
715,257,458
709,205,504
684,194,490
385,61,324
383,70,313
366,64,302
385,80,305
389,66,323
554,216,338
553,200,353
588,223,365
563,204,359
394,64,330
635,215,420
559,193,366
556,194,362
601,250,351
449,158,291
339,61,278
415,89,326
639,242,397
535,162,373
539,163,376
511,176,335
487,131,356
388,61,327
421,61,360
