全部,pc,移动
605,150,455
569,129,440
599,110,489
521,112,409
438,61,377
406,61,345
423,63,360
518,74,444
584,59,525
550,102,448
452,99,353
498,118,380
442,112,330
499,63,436
515,106,409
499,129,370
440,110,330
432,123,309
395,89,306
337,57,280
396,61,335
467,129,338
481,112,369
472,93,379
379,85,294
457,87,370
379,63,316
394,61,333
435,87,348
393,91,302
