全部,pc,移动
498,118,380
442,112,330
499,63,436
515,106,409
499,129,370
440,110,330
432,123,309
395,89,306
337,57,280
396,61,335
467,129,338
481,112,369
472,93,379
379,85,294
457,87,370
379,63,316
394,61,333
435,87,348
393,91,302
385,93,292
343,80,263
317,76,241
313,63,250
291,57,234
320,82,238
386,91,295
304,72,232
302,68,234
282,68,214
288,61,227
