全部,pc,移动
673,106,567
744,131,613
679,151,528
586,118,468
489,91,398
448,93,355
379,59,320
375,63,312
402,68,334
418,80,338
469,64,405
558,133,425
558,121,437
522,135,387
508,139,369
459,66,393
500,133,367
454,112,342
422,102,320
420,114,306
368,101,267
329,59,270
392,80,312
498,118,380
423,93,330
409,93,316
369,108,261
295,83,212
297,61,236
285,61,224
