全部,pc,移动
783,112,671
821,140,681
794,180,614
805,166,639
747,148,599
728,161,567
498,64,434
538,70,468
504,78,426
501,72,429
536,89,447
609,176,433
660,152,508
654,165,489
612,150,462
481,74,407
714,170,544
627,166,461
631,159,472
682,191,491
633,129,504
616,76,540
685,82,603
940,204,736
904,114,790
913,154,759
702,116,586
728,131,597
643,72,571
680,66,614
