全部,pc,移动
654,165,489
612,150,462
481,74,407
714,170,544
627,166,461
631,159,472
682,191,491
633,129,504
616,76,540
685,82,603
940,204,736
904,114,790
913,154,759
702,116,586
728,131,597
643,72,571
680,66,614
773,176,597
756,157,599
654,123,531
637,112,525
562,87,475
514,68,446
568,76,492
498,99,399
497,127,370
475,102,373
473,108,365
369,74,295
396,66,330
