全部,pc,移动
1178,201,977
1393,395,998
1581,589,992
1513,563,950
1337,403,934
1278,371,907
973,91,882
980,106,874
977,108,869
1065,177,888
1064,158,906
1354,464,890
1296,406,890
1348,442,906
1292,378,914
1055,106,949
1526,547,979
1468,538,930
1382,484,898
1443,568,875
1201,333,868
998,125,873
1083,155,928
1394,487,907
1251,366,885
1190,330,860
1228,386,842
1073,226,847
962,104,858
991,104,887
