全部,pc,移动
306,68,238
308,74,234
320,85,235
363,97,266
322,74,248
297,78,219
279,61,218
263,59,204
278,63,215
292,61,231
315,61,254
379,72,307
353,101,252
321,80,241
308,76,232
283,61,222
309,85,224
288,82,206
254,80,174
259,85,174
228,64,164
229,59,170
288,64,224
277,78,199
305,74,231
277,78,199
250,74,176
246,66,180
217,57,160
220,59,161
