全部,pc,移动
955,104,851
1046,195,851
1091,247,844
1031,237,794
941,193,748
872,195,677
653,68,585
674,72,602
657,68,589
726,78,648
863,83,780
825,209,616
725,151,574
868,205,663
924,207,717
848,83,765
991,281,710
966,276,690
853,240,613
803,250,553
684,166,518
726,85,641
837,106,731
1102,254,848
1018,188,830
869,184,685
707,165,542
719,135,584
608,64,544
656,74,582
