全部,pc,移动
868,205,663
924,207,717
848,83,765
991,281,710
966,276,690
853,240,613
803,250,553
684,166,518
726,85,641
837,106,731
1102,254,848
1018,188,830
869,184,685
707,165,542
719,135,584
608,64,544
656,74,582
671,165,506
684,202,482
608,157,451
614,142,472
495,91,404
467,61,406
506,63,443
448,97,351
530,140,390
517,118,399
530,139,391
458,82,376
378,82,296
