全部,pc,移动
522,237,285
472,191,281
373,85,288
541,231,310
554,245,309
545,253,292
570,285,285
471,169,302
355,70,285
474,68,406
847,321,526
745,205,540
600,155,445
614,198,416
500,127,373
417,63,354
404,63,341
533,188,345
561,202,359
496,173,323
414,101,313
425,118,307
387,63,324
416,70,346
454,114,340
427,158,269
353,85,268
374,125,249
354,99,255
304,68,236
