全部,pc,移动
694,87,607
758,102,656
707,133,574
664,142,522
598,123,475
615,114,501
459,64,395
481,61,420
477,59,418
552,70,482
668,63,605
740,120,620
602,97,505
663,120,543
629,116,513
668,70,598
671,121,550
616,112,504
524,112,412
556,157,399
443,85,358
432,63,369
601,63,538
740,131,609
671,99,572
521,91,430
484,110,374
379,83,296
358,64,294
425,59,366
