全部,pc,移动
776,137,639
658,198,460
675,278,397
659,271,388
569,200,369
510,175,335
373,57,316
358,63,295
332,63,269
435,112,323
392,66,326
545,253,292
534,211,323
522,237,285
472,191,281
373,85,288
541,231,310
554,245,309
545,253,292
570,285,285
471,169,302
355,70,285
474,68,406
847,321,526
745,205,540
600,155,445
614,198,416
500,127,373
417,63,354
404,63,341
