全部,pc,移动
1092,155,937
1106,209,897
1184,316,868
1152,312,840
991,211,780
868,202,666
643,61,582
638,70,568
738,72,666
767,91,676
838,83,755
940,285,655
861,198,663
966,250,716
876,212,664
818,80,738
1072,293,779
951,239,712
896,271,625
960,343,617
774,175,599
624,72,552
740,76,664
985,332,653
779,187,592
773,176,597
724,180,544
632,140,492
556,85,471
563,72,491
