全部,pc,移动
966,250,716
876,212,664
818,80,738
1072,293,779
951,239,712
896,271,625
960,343,617
774,175,599
624,72,552
740,76,664
985,332,653
779,187,592
773,176,597
724,180,544
632,140,492
556,85,471
563,72,491
679,180,499
693,202,491
641,175,466
598,140,458
456,102,354
499,63,436
489,64,425
493,133,360
508,150,358
467,104,363
515,131,384
409,99,310
420,74,346
