全部,pc,移动
616,95,521
617,118,499
623,148,475
642,150,492
602,99,503
522,116,406
440,70,370
449,63,386
412,61,351
435,74,361
422,64,358
572,161,411
462,99,363
509,137,372
473,118,355
415,63,352
512,133,379
554,135,419
539,165,374
560,155,405
513,118,395
443,64,379
456,70,386
542,142,400
535,123,412
463,116,347
446,106,340
466,97,369
389,66,323
398,63,335
