全部,pc,移动
509,137,372
473,118,355
415,63,352
512,133,379
554,135,419
539,165,374
560,155,405
513,118,395
443,64,379
456,70,386
542,142,400
535,123,412
463,116,347
446,106,340
466,97,369
389,66,323
398,63,335
500,144,356
446,129,317
388,97,291
400,83,317
328,78,250
346,59,287
342,61,281
346,93,253
309,74,235
367,76,291
346,82,264
319,74,245
289,72,217
