全部,pc,移动
509,72,437
520,116,404
481,101,380
429,87,342
405,89,316
332,76,256
311,61,250
299,61,238
342,57,285
325,66,259
364,61,303
374,97,277
351,82,269
356,99,257
324,95,229
314,57,257
322,101,221
297,89,208
279,78,201
278,89,189
288,74,214
256,64,192
314,59,255
313,89,224
295,74,221
279,70,209
262,82,180
270,68,202
247,61,186
239,57,182
