全部,pc,移动
455,108,347
524,140,384
505,66,439
614,150,464
583,168,415
444,139,305
463,161,302
350,97,253
362,59,303
480,82,398
490,142,348
432,104,328
425,102,323
426,123,303
403,116,287
342,68,274
377,57,320
391,110,281
378,121,257
389,125,264
315,80,235
332,87,245
293,59,234
316,57,259
314,80,234
308,93,215
287,76,211
332,93,239
274,74,200
260,57,203
