全部,pc,移动
458,72,386
550,120,430
470,142,328
535,159,376
479,135,344
442,104,338
394,59,335
356,61,295
306,68,238
373,70,303
374,59,315
461,131,330
443,120,323
455,108,347
524,140,384
505,66,439
614,150,464
583,168,415
444,139,305
463,161,302
350,97,253
362,59,303
480,82,398
490,142,348
432,104,328
425,102,323
426,123,303
403,116,287
342,68,274
377,57,320
