全部,pc,移动
300,95,205
290,78,212
277,63,214
301,87,214
288,91,197
281,89,192
265,87,178
248,72,176
223,59,164
293,61,232
303,91,212
292,74,218
302,87,215
254,76,178
225,68,157
215,66,149
236,59,177
267,93,174
244,64,180
228,63,165
213,70,143
231,64,167
211,59,152
218,61,157
211,64,147
224,70,154
216,64,152
214,59,155
191,59,132
196,61,135
